city,population,total_cases,carried_over_from,opened_inside_year,finished,carried_over_to,time_since_event,population_density
İstanbul,15099946.0,2378387,1536743,841644,836525,1541862,3,2765.0514557773304
Tekirdağ,1105759.0,127163,59444,67719,62603,64560,3,178.63634894991924
Edirne,406215.0,50363,24888,25475,27064,23299,3,66.10496338486574
Kırklareli,363245.0,31716,12732,18984,18939,12777,3,56.238581823811735
Balıkesir,1238619.0,139589,66047,73542,74267,65322,3,84.93581567578687
Çanakkale,551237.0,59157,25710,33447,33954,25203,3,56.15126820821025
İzmir,4391056.0,611955,306414,305541,289353,322602,3,369.27558657808424
Aydın,1121941.0,179808,92270,87538,85850,93958,3,138.23817151306062
Denizli,1035065.0,108234,48757,59477,61448,46786,3,85.30286797428712
Muğla,998594.0,146909,63779,83130,78778,68131,3,78.91528370475739
Manisa,1447072.0,145620,69517,76103,75321,70299,3,108.48429417497563
Afyonkarahisar,731760.0,66428,27852,38576,37324,29104,3,52.20890410958904
Kütahya,566867.0,43732,17779,25953,24659,19073,3,48.72503008423586
Uşak,364712.0,41381,17389,23992,24024,17357,3,65.65472547254726
Bursa,3093542.0,368609,182428,186181,175307,193302,3,286.0947008230833
Eskişehir,872007.0,116221,54113,62108,62989,53232,3,62.46468481375358
Bilecik,224818.0,24853,7943,16910,15139,9714,3,53.79708064130175
Kocaeli,2016057.0,194126,107497,86629,89200,104926,3,593.4816014130115
Sakarya,1032790.0,94669,42687,51982,48369,46300,3,214.09411276948592
Düzce,393998.0,39639,19517,20122,18992,20647,3,158.10513643659712
Bolu,308937.0,30421,11083,19338,18883,11538,3,37.163118007939374
Yalova,259901.0,32364,11557,20807,19333,13031,3,325.6904761904762
Ankara,5574061.0,809514,446593,362921,381335,428179,3,217.46492665418228
Konya,2246531.0,233131,114670,118461,116530,116601,3,55.010798765855334
Karaman,255637.0,25707,10560,15147,16032,9675,3,29.458054851348237
Antalya,2482886.0,375684,199950,175734,179397,196287,3,123.05526094067503
Isparta,435515.0,43496,17064,26432,26905,16591,3,48.6826514643416
Burdur,268601.0,28572,12076,16496,17482,11090,3,37.43567944250871
Adana,2247474.0,245731,132916,112815,109810,135921,3,162.34281999422132
Mersin,1851973.0,278329,152848,125481,116787,161542,3,115.67601499063086
Hatay,1665619.0,174680,93380,81300,79516,95164,3,301.5240767559739
Kahramanmaraş,1167038.0,94460,44209,50251,53210,41250,3,80.3745179063361
Osmaniye,552172.0,61150,25192,35958,37289,23861,3,166.31686746987953
Kırıkkale,267611.0,26882,11272,15610,14261,12621,3,55.85702358589021
Aksaray,411633.0,36623,17614,19009,17943,18680,3,53.74500587544066
Niğde,359113.0,33376,13733,19643,20182,13194,3,49.642383190489355
Nevşehir,298739.0,29757,11373,18384,18277,11480,3,54.46472196900638
Kırşehir,228939.0,17823,6234,11589,10981,6842,3,34.77202308626975
Kayseri,1413498.0,166472,79807,86665,79031,87441,3,83.2939304655274
Sivas,628927.0,47202,16259,30943,30289,16913,3,22.33088339724471
Yozgat,407990.0,30527,12121,18406,17700,12827,3,29.802045288531776
Zonguldak,584753.0,43149,15895,27254,26262,16887,3,174.97097546379413
Karabük,238560.0,20808,7243,13565,13561,7247,3,57.59536455818445
Bartın,199505.0,16706,6483,10223,10309,6397,3,85.62446351931331
Kastamonu,370350.0,30401,11430,18971,18725,11676,3,28.348897734231475
Çankırı,190026.0,14294,5211,9083,9109,5185,3,25.195704057279237
Sinop,216094.0,15725,5084,10641,9895,5830,3,37.7984957145356
Samsun,1331362.0,130696,56847,73849,77505,53191,3,136.90097686375321
Tokat,595464.0,44244,17688,26556,29191,15053,3,59.29735112527385
Çorum,516327.0,47917,19541,28376,26336,21581,3,41.54546186031542
Amasya,331125.0,25542,9185,16357,16506,9036,3,58.835287846481876
Trabzon,802351.0,53259,20755,32504,31652,21607,3,173.368841832325
Ordu,753106.0,53500,17916,35584,34654,18846,3,127.3429151166723
Giresun,444533.0,31991,11390,20601,19330,12661,3,63.75975329890993
Rize,343944.0,26341,10634,15707,15682,10659,3,89.68552803129074
Artvin,168939.0,14089,5584,8505,8165,5924,3,22.851210604625997
Gümüşhane,147898.0,9131,3381,5750,5825,3306,3,22.18026394721056
Erzurum,751977.0,46470,19184,27286,26279,20191,3,30.071862752939296
Erzincan,233631.0,18625,6589,12036,10852,7773,3,19.77410071942446
Bayburt,84467.0,4813,1836,2977,2900,1913,3,22.548585157501336
Ağrı,523527.0,40752,20595,20157,19335,21417,3,47.168844040003606
Kars,279451.0,21018,7749,13269,14217,6801,3,27.415971745315414
Iğdır,202205.0,20017,8918,11099,10648,9369,3,55.186954148471614
Ardahan,94662.0,9149,3627,5522,5175,3974,3,19.18565058775841
Malatya,803926.0,66264,25561,40703,38990,27274,3,65.5784321722816
Elazığ,585652.0,45732,19855,25877,25310,20422,3,62.41628477032932
Bingöl,282709.0,20860,9776,11084,11096,9764,3,35.32537798325628
Tunceli,83279.0,12831,6136,6695,7190,5641,3,10.983777367449221
Van,1136032.0,78934,40852,38082,37241,41693,3,54.3010372353138
Muş,404772.0,25919,12558,13361,14468,11451,3,46.429456297315895
Bitlis,352070.0,25423,12775,12648,13202,12221,3,42.44875813841331
Hakkari,276871.0,27173,13771,13402,12744,14429,3,39.02339675828048
Gaziantep,2112412.0,348570,221520,127050,114228,234342,3,310.5118330148464
Adıyaman,630523.0,37040,16868,20172,19355,17685,3,85.93744037072373
Kilis,143817.0,20560,9514,11046,9915,10645,3,101.85339943342777
Şanlıurfa,2132404.0,190046,89234,100812,99166,90880,3,110.82028895125246
Diyarbakır,1789716.0,229126,139715,89411,94095,135031,3,118.51638964307
Mardin,859648.0,63275,27764,35511,35478,27797,3,97.90979498861047
Batman,625072.0,56093,30809,25284,23335,32758,3,139.61849452758543
Şırnak,545723.0,51729,28294,23435,24283,27446,3,77.10129980220401
Siirt,331259.0,27970,12447,15523,16202,11768,3,57.94280216896974
İstanbul,15011868.0,2197808,1458710,739098,661068,1536740,4,2748.922907892327
Tekirdağ,1074236.0,115139,57940,57199,55696,59443,4,173.5437802907916
Edirne,402237.0,48209,23490,24719,23321,24888,4,65.45760781122864
Kırklareli,359249.0,28844,11780,17064,16112,12732,4,55.61991020281777
Balıkesir,1229782.0,125662,63242,62420,59614,66048,4,84.32983611053967
Çanakkale,536513.0,52482,23774,28708,26772,25710,4,54.651421004380154
İzmir,4365022.0,543824,294752,249072,237411,306413,4,367.08619964679167
Aydın,1108754.0,163357,85727,77630,71087,92270,4,136.61335633316904
Denizli,1028170.0,104271,46939,57332,55514,48757,4,84.73462996538652
Muğla,981159.0,128231,60246,67985,64451,63780,4,77.53745851114272
Manisa,1442166.0,130668,65891,64777,61151,69517,4,108.1165004872929
Afyonkarahisar,725813.0,61125,25191,35934,33273,27852,4,51.784603310502284
Kütahya,567438.0,42047,17909,24138,24268,17779,4,48.77411036616813
Uşak,361541.0,40109,17396,22713,22720,17389,4,65.08388838883889
Bursa,3057247.0,326944,170256,156688,144515,182429,4,282.7380930361602
Eskişehir,865311.0,110457,53812,56645,56344,54113,4,61.98502865329513
Bilecik,215480.0,21993,7461,14532,14049,7944,4,51.56257477865518
Kocaeli,1983504.0,184041,107517,76524,76544,107497,4,583.8987341772151
Sakarya,1017864.0,88860,41616,47244,46172,42688,4,211.0
Düzce,389471.0,36973,19893,17080,17456,19517,4,156.28852327447834
Bolu,304628.0,28092,10493,17599,17009,11083,4,36.644773246722
Yalova,253124.0,27385,11566,15819,15827,11558,4,317.1979949874687
Ankara,5506786.0,722065,419365,302700,275473,446592,4,214.84027777777777
Konya,2224384.0,215126,112139,102987,100454,114672,4,54.46848523434056
Karaman,251791.0,24896,10542,14354,14336,10560,4,29.014865176307904
Antalya,2454014.0,356898,195412,161486,156948,199950,4,121.62432472617337
Isparta,431143.0,42039,17206,24833,24976,17063,4,48.19394142633579
Burdur,262897.0,27916,12771,15145,15840,12076,4,36.6406968641115
Adana,2244748.0,230176,130984,99192,97261,132915,4,162.14591158624674
Mersin,1839975.0,244320,141008,103312,91471,152849,4,114.9266083697689
Hatay,1654907.0,158496,87778,70718,65115,93381,4,299.5849022447502
Kahramanmaraş,1164273.0,85947,41280,44667,41739,44208,4,80.18409090909091
Osmaniye,547923.0,51817,22375,29442,26625,25192,4,165.0370481927711
Kırıkkale,270486.0,23803,10263,13540,12532,11271,4,56.45710707576706
Aksaray,408201.0,34204,15992,18212,16590,17614,4,53.29690560125343
Niğde,358036.0,31696,11463,20233,17963,13733,4,49.493502902958255
Nevşehir,296226.0,28802,11361,17441,17428,11374,4,54.006563354603465
Kırşehir,229516.0,15388,4804,10584,9153,6235,4,34.859659781287974
Kayseri,1402941.0,139676,70506,69170,59869,79807,4,82.67183264584561
Sivas,629795.0,41860,14984,26876,25599,16261,4,22.361702883113193
Yozgat,409249.0,27200,11406,15794,15078,12122,4,29.89401022644266
Zonguldak,586358.0,41253,15877,25376,25358,15895,4,175.45122681029324
Karabük,234171.0,19195,7383,11812,11952,7243,4,56.535731530661515
Bartın,197422.0,13845,4673,9172,7362,6483,4,84.73047210300429
Kastamonu,370459.0,27044,10356,16688,15614,11430,4,28.357241273729333
Çankırı,186603.0,13741,5290,8451,8530,5211,4,24.74184566428003
Sinop,214076.0,13874,4530,9344,8790,5084,4,37.445513381143954
Samsun,1327875.0,121046,57997,63049,64198,56848,4,136.54241645244215
Tokat,591518.0,43127,18231,24896,25439,17688,4,58.9044015136427
Çorum,519193.0,41330,15415,25915,21790,19540,4,41.77607016414548
Amasya,331263.0,24825,8657,16168,15640,9185,4,58.85980810234542
Trabzon,799276.0,48505,20186,28319,27750,20755,4,172.70440795159897
Ordu,754282.0,50148,16826,33322,32231,17917,4,127.54176530267162
Giresun,443544.0,28392,10648,17744,17003,11389,4,63.61790017211704
Rize,342769.0,23988,9916,14072,13354,10634,4,89.37913950456323
Artvin,168860.0,13727,5690,8037,8143,5584,4,22.84052482077641
Gümüşhane,139712.0,7870,2705,5165,4489,3381,4,20.952609478104378
Erzurum,753742.0,45336,20865,24471,26152,19184,4,30.14244581300488
Erzincan,231126.0,16230,6306,9924,9641,6589,4,19.56208209902666
Bayburt,81372.0,4249,1742,2507,2413,1836,4,21.7223705285638
Ağrı,534586.0,40362,22509,17853,19767,20595,4,48.16524011172178
Kars,283159.0,18691,6559,12132,10942,7749,4,27.779750809378985
Iğdır,200635.0,17114,7990,9124,8196,8918,4,54.75846069868996
Ardahan,95920.0,8266,3406,4860,4639,3627,4,19.440616132955007
Malatya,801767.0,64356,28101,36255,38795,25561,4,65.40231666530713
Elazığ,585450.0,41740,20007,21733,21885,19855,4,62.394756474475116
Bingöl,281433.0,18885,9035,9850,9109,9776,4,35.165937773335
Tunceli,83157.0,11628,5799,5829,5492,6136,4,10.967686626219995
Van,1145279.0,75523,41267,34256,34670,40853,4,54.74303331580708
Muş,410692.0,25840,13165,12675,13282,12558,4,47.10851112640514
Bitlis,350663.0,23277,12108,11169,10503,12774,4,42.27911743428985
Hakkari,279858.0,24571,13266,11305,10800,13771,4,39.44439746300211
Gaziantep,2085795.0,311024,199331,111693,89504,221520,4,306.59929442892843
Adıyaman,631039.0,34792,16180,18612,17924,16868,4,86.0077688428513
Kilis,141454.0,18356,9895,8461,8842,9514,4,100.1798866855524
Şanlıurfa,2108013.0,163495,90053,73442,74261,89234,4,109.5526972248207
Diyarbakır,1782256.0,215653,129813,85840,75938,139715,4,118.02238262366731
Mardin,851922.0,55788,24563,31225,28023,27765,4,97.02984054669705
Batman,619021.0,52317,29387,22930,21508,30809,4,138.26691981237437
Şırnak,536990.0,44182,24669,19513,15887,28295,4,75.86747668833004
Siirt,330374.0,22710,11026,11684,10263,12447,4,57.788000699667656
İstanbul,14921827.0,2243323,1442784,800539,784618,1458705,5,2732.434902032595
Tekirdağ,1048506.0,129296,62444,66852,71356,57940,5,169.3870759289176
Edirne,408482.0,51183,24171,27012,27693,23490,5,66.47388120423108
Kırklareli,358941.0,31793,13018,18775,20013,11780,5,55.57222480260102
Balıkesir,1217757.0,133056,66213,66843,69815,63241,5,83.50524583419049
Çanakkale,535060.0,56031,23604,32427,32257,23774,5,54.503412447794645
İzmir,4333920.0,549943,295200,254743,255192,294751,5,364.47060802287444
Aydın,1100545.0,167058,83601,83457,81331,85727,5,135.60189748644652
Denizli,1023955.0,107162,47618,59544,60223,46939,5,84.38725894181638
Muğla,962878.0,138881,62485,76396,78636,60245,5,76.09277698751383
Manisa,1431583.0,142702,71958,70744,76811,65891,5,107.32311267711222
Afyonkarahisar,718986.0,60935,24417,36518,35745,25190,5,51.29751712328767
Kütahya,569683.0,45623,20077,25546,27714,17909,5,48.96707925047275
Uşak,362193.0,39438,17736,21702,22042,17396,5,65.2012601260126
Bursa,3007525.0,334885,169880,165005,164631,170254,5,278.1397392028114
Eskişehir,863273.0,116713,54026,62687,62901,53812,5,61.839040114613184
Bilecik,215947.0,21971,7600,14371,14510,7461,5,51.674324000957164
Kocaeli,1940551.0,198489,113986,84503,90971,107518,5,571.2543420665293
Sakarya,1005485.0,98349,43846,54503,56733,41616,5,208.43387230514097
Düzce,385831.0,39172,20616,18556,19279,19893,5,154.82784911717496
Bolu,305475.0,26757,9884,16873,16265,10492,5,36.74666185492602
Yalova,247064.0,29691,12155,17536,18125,11566,5,309.6040100250627
Ankara,5464164.0,736639,432454,304185,317273,419366,5,213.17743445692884
Konya,2209911.0,219862,111068,108794,107723,112139,5,54.114084920907
Karaman,250348.0,26985,12291,14694,16443,10542,5,28.84858262272413
Antalya,2409057.0,390246,207239,183007,194833,195413,5,119.39619368587996
Isparta,435922.0,44022,17377,26645,26816,17206,5,48.728146657724125
Burdur,266696.0,28203,12181,16022,15432,12771,5,37.170174216027874
Adana,2223904.0,241380,139198,102182,110396,130984,5,160.64027737648078
Mersin,1810696.0,252490,143471,109019,111484,141006,5,113.09781386633354
Hatay,1624417.0,157419,84768,72651,69641,87778,5,294.0653511947864
Kahramanmaraş,1149978.0,87198,41664,45534,45919,41279,5,79.1995867768595
Osmaniye,538125.0,51021,21677,29344,28646,22375,5,162.085843373494
Kırıkkale,275007.0,24549,9654,14895,14286,10263,5,57.40075140889167
Aksaray,402095.0,36588,18398,18190,20596,15992,5,52.49967358663011
Niğde,358973.0,28985,11261,17724,17522,11463,5,49.62303013547138
Nevşehir,294434.0,32243,13586,18657,20882,11361,5,53.67985414767548
Kırşehir,229757.0,17150,5605,11545,12347,4803,5,34.89626366950182
Kayseri,1388760.0,141109,65805,75304,70603,70506,5,81.83618149675898
Sivas,632799.0,43949,15328,28621,28965,14984,5,22.46836386876864
Yozgat,411665.0,29349,10295,19054,17943,11406,5,30.070489408327248
Zonguldak,590611.0,47317,16789,30528,31440,15877,5,176.72381807301016
Karabük,239098.0,19599,6793,12806,12216,7383,5,57.725253500724286
Bartın,196980.0,15976,5993,9983,11303,4673,5,84.54077253218884
Kastamonu,372620.0,28237,11335,16902,17881,10356,5,28.522657685241885
Çankırı,189748.0,14235,5219,9016,8945,5290,5,25.158843808008484
Sinop,215773.0,14550,4422,10128,10020,4530,5,37.74234738499213
Samsun,1315579.0,130238,60967,69271,72241,57997,5,135.27804627249358
Tokat,606950.0,49150,20979,28171,30919,18231,5,60.441147181836286
Çorum,518749.0,41129,15101,26028,25714,15415,5,41.74034438364982
Amasya,333411.0,25829,8768,17061,17172,8657,5,59.241471215351815
Trabzon,796379.0,52131,21316,30815,31945,20186,5,172.0784356093345
Ordu,746699.0,50906,16927,33979,34080,16826,5,126.25955360162327
Giresun,442924.0,33263,12966,20297,22616,10647,5,63.52897303499713
Rize,341627.0,25565,10067,15498,15649,9916,5,89.0813559322034
Artvin,170197.0,16271,6555,9716,10581,5690,5,23.021371567699173
Gümüşhane,162507.0,8312,2536,5776,5607,2705,5,24.37117576484703
Erzurum,757521.0,51062,23752,27310,30197,20865,5,30.293569543309605
Erzincan,231414.0,19227,7825,11402,12921,6306,5,19.58645789250952
Bayburt,84280.0,4969,2369,2600,3227,1742,5,22.49866524292579
Ağrı,535355.0,41322,20049,21273,18813,22509,5,48.234525632939906
Kars,283365.0,21271,7915,13356,14712,6559,5,27.799960757382518
Iğdır,198640.0,17117,7905,9212,9129,7988,5,54.213973799126634
Ardahan,97016.0,9328,4097,5231,5923,3405,5,19.66274827725983
Malatya,795785.0,64035,27473,36562,35934,28101,5,64.91434864181417
Elazığ,587839.0,43317,20036,23281,23310,20007,5,62.6493658744538
Bingöl,279491.0,19603,9500,10103,10568,9035,5,34.923278770461074
Tunceli,84425.0,12154,6157,5997,6355,5799,5,11.134924821946717
Van,1132328.0,83204,43107,40097,41937,41267,5,54.123990249032076
Muş,408389.0,27681,12745,14936,14516,13165,5,46.84434503326451
Bitlis,347889.0,25446,13379,12067,13338,12108,5,41.944658789486375
Hakkari,279908.0,26933,14132,12801,13667,13266,5,39.45144467935165
Gaziantep,2051268.0,304822,191319,113503,105491,199331,5,301.5240335146259
Adıyaman,624890.0,37162,16604,20558,20982,16180,5,85.16968788333106
Kilis,141186.0,18411,10452,7959,8516,9895,5,99.9900849858357
Şanlıurfa,2064026.0,176238,88061,88177,86185,90053,5,107.26670824238644
Diyarbakır,1755220.0,225199,127070,98129,95387,129812,5,116.23203761340308
Mardin,835964.0,60854,26519,34335,36289,24565,5,95.2123006833713
Batman,607358.0,57358,31674,25684,27971,29387,5,135.66182711637256
Şırnak,528701.0,46462,24224,22238,21792,24670,5,74.69638315908449
Siirt,329532.0,24955,11976,12979,13930,11025,5,57.640720657687595
İstanbul,14635481.0,2191510,1380881,810629,748747,1442763,6,2680.0001831166455
Tekirdağ,1025422.0,119112,55354,63758,56669,62443,6,165.6578352180937
Edirne,408594.0,49969,22536,27433,25798,24171,6,66.49210740439382
Kırklareli,358648.0,32142,13314,18828,19124,13018,6,55.52686174330392
Balıkesir,1217183.0,134478,65247,69231,68266,66212,6,83.46588493451279
Çanakkale,534374.0,53117,22733,30384,29513,23604,6,54.43353366608944
İzmir,4291497.0,540161,277240,262921,244963,295198,6,360.902951812295
Aydın,1089215.0,161311,79206,82105,77710,83601,6,134.20588960078857
Denizli,1018240.0,109592,48624,60968,61974,47618,6,83.91626833690457
Muğla,950131.0,128080,56640,71440,65595,62485,6,75.08542753279595
Manisa,1421167.0,145556,69620,75936,73597,71959,6,106.54224454606792
Afyonkarahisar,716388.0,60964,24090,36874,36547,24417,6,51.11215753424658
Kütahya,568192.0,45825,20162,25663,25748,20077,6,48.83892040570741
Uşak,359437.0,35617,15116,20501,17881,17736,6,64.7051305130513
Bursa,2949723.0,325335,162776,162559,155452,169883,6,272.7941366873208
Eskişehir,852411.0,111540,53667,57873,57514,54026,6,61.06095988538682
Bilecik,219755.0,22557,6947,15610,14957,7600,6,52.58554678152668
Kocaeli,1897152.0,194426,106493,87933,80441,113985,6,558.4786576390933
Sakarya,989653.0,99171,41133,58038,55325,43846,6,205.15194859038144
Düzce,381909.0,39413,19400,20013,18797,20616,6,153.25401284109148
Bolu,303821.0,25167,9624,15543,15283,9884,6,36.54769637916516
Yalova,243677.0,27016,11542,15474,14861,12155,6,305.359649122807
Ankara,5365747.0,765399,432636,332763,332946,432453,6,209.33781991260923
Konya,2187065.0,214114,100682,113432,103046,111068,6,53.55465497820657
Karaman,248750.0,25055,10231,14824,12764,12291,6,28.664438810785896
Antalya,2350534.0,395081,210205,184876,187844,207237,6,116.49571294047678
Isparta,434410.0,44646,18397,26249,27269,17377,6,48.55913257321708
Burdur,266500.0,27780,12079,15701,15599,12181,6,37.142857142857146
Adana,2208316.0,242187,131835,110352,102989,139198,6,159.51430222479053
Mersin,1792762.0,246467,136875,109592,102996,143471,6,111.97763897564022
Hatay,1605852.0,155705,80598,75107,70938,84767,6,290.70456191165823
Kahramanmaraş,1140139.0,86153,36338,49815,44489,41664,6,78.52196969696969
Osmaniye,533913.0,46277,18156,28121,24599,21678,6,160.8171686746988
Kırıkkale,279317.0,25637,9668,15969,15984,9653,6,58.30035483197662
Aksaray,398744.0,38248,18210,20038,19850,18398,6,52.06214910562737
Niğde,361596.0,31284,12320,18964,20023,11261,6,49.985623444843796
Nevşehir,291409.0,30772,11641,19131,17186,13586,6,53.12835004557885
Kırşehir,230939.0,17166,5822,11344,11561,5605,6,35.07578979343864
Kayseri,1374093.0,135364,57510,77854,69559,65805,6,80.97189157336476
Sivas,641170.0,46035,15710,30325,30706,15329,6,22.765587274534866
Yozgat,415677.0,30849,11486,19363,20553,10296,6,30.36355003652301
Zonguldak,594694.0,49617,18010,31607,32828,16789,6,177.94554159186117
Karabük,240595.0,20613,6859,13754,13820,6793,6,58.0866731047803
Bartın,197996.0,16645,6269,10376,10652,5993,6,84.97682403433477
Kastamonu,377208.0,29560,11063,18497,18225,11335,6,28.87385180649112
Çankırı,210958.0,13961,5448,8513,8742,5219,6,27.971095200212144
Sinop,217605.0,14676,4490,10186,10254,4422,6,38.062795172293164
Samsun,1306536.0,127216,56531,70685,66249,60967,6,134.34817480719795
Tokat,607135.0,48520,18710,29810,27541,20979,6,60.459569806811395
Çorum,523178.0,39983,14660,25323,24883,15100,6,42.09671709044094
Amasya,333211.0,25484,9557,15927,16716,8768,6,59.20593461265103
Trabzon,798147.0,55084,21087,33997,33769,21315,6,172.4604580812446
Ordu,764696.0,53541,19309,34232,36614,16927,6,129.30267162664862
Giresun,448886.0,34145,12165,21980,21179,12966,6,64.38410786001147
Rize,347271.0,23811,8117,15694,13744,10067,6,90.55306388526728
Artvin,173360.0,16107,6518,9589,9553,6554,6,23.449208710942784
Gümüşhane,160861.0,9331,2712,6619,6795,2536,6,24.124325134973006
Erzurum,763687.0,59337,26099,33238,35584,23753,6,30.540150363912662
Erzincan,232795.0,21026,8712,12314,13201,7825,6,19.703343207786713
Bayburt,81714.0,5863,2202,3661,3494,2369,6,21.813667912439936
Ağrı,538903.0,43560,20096,23464,23513,20047,6,48.55419407153798
Kars,287392.0,22454,8370,14084,14539,7915,6,28.195035808888452
Iğdır,196777.0,17943,8454,9489,10038,7905,6,53.70551310043668
Ardahan,98543.0,10004,4439,5565,5907,4097,6,19.972233481961897
Malatya,793202.0,63535,26107,37428,36062,27473,6,64.70364630067705
Elazığ,592756.0,48325,19519,28806,28289,20036,6,63.17339869977619
Bingöl,280935.0,19812,9134,10678,10312,9500,6,35.10371110833437
Tunceli,88011.0,12386,5798,6588,6229,6157,6,11.607887101028751
Van,1120416.0,79903,39196,40707,36796,43107,6,53.55461020027723
Muş,407594.0,24138,11957,12181,11393,12745,6,46.75315439320945
Bitlis,349204.0,26904,12676,14228,13525,13379,6,42.1032071376899
Hakkari,285930.0,27803,14209,13594,13671,14132,6,40.300211416490484
Gaziantep,2012566.0,288040,171423,116617,96719,191321,6,295.83507276201675
Adıyaman,623008.0,36289,15519,20770,19685,16604,6,84.91317977374949
Kilis,141623.0,18241,10110,8131,7789,10452,6,100.29957507082153
Şanlıurfa,2026597.0,164101,82072,82029,76039,88062,6,105.32153622284586
Diyarbakır,1731520.0,223692,122518,101174,96621,127071,6,114.66260512548838
Mardin,826039.0,64708,24759,39949,38189,26519,6,94.08189066059225
Batman,598011.0,62354,35568,26786,30680,31674,6,133.57404511949966
Şırnak,523445.0,51100,25830,25270,26876,24224,6,73.95380050861826
Siirt,330840.0,26118,13289,12829,14142,11976,6,57.86951198180864
İstanbul,14701360.0,2014392,1260971,753421,633517,1380875,7,2692.0637245925654
Tekirdağ,1001879.0,99850,41577,58273,44496,55354,7,161.85444264943456
Edirne,404492.0,45599,18816,26783,23062,22537,7,65.82457282343368
Kırklareli,354493.0,29393,10871,18522,16079,13314,7,54.883573308561694
Balıkesir,1197045.0,124121,55200,68921,58874,65247,7,82.08496194198725
Çanakkale,525865.0,48680,18997,29683,25947,22733,7,53.56677192625038
İzmir,4253602.0,488195,245722,242473,210961,277234,7,357.7160877974939
Aydın,1073522.0,149776,68420,81356,70570,79206,7,132.27230162641695
Denizli,1010932.0,106883,49633,57250,58259,48624,7,83.31399373660788
Muğla,923556.0,118271,48833,69438,61632,56639,7,72.98530109056425
Manisa,1405864.0,133442,61652,71790,63822,69620,7,105.39500712197317
Afyonkarahisar,708627.0,58690,20592,38098,34597,24093,7,50.558433219178085
Kütahya,563769.0,39476,14440,25036,19314,20162,7,48.45874161939144
Uşak,356562.0,31883,12940,18943,16767,15116,7,64.18757875787578
Bursa,2910605.0,300965,142762,158203,138191,162774,7,269.17645426801073
Eskişehir,846667.0,103069,52548,50521,49402,53667,7,60.64949856733524
Bilecik,218514.0,21971,6737,15234,15024,6947,7,52.28858578607322
Kocaeli,1875332.0,175942,95516,80426,69449,106493,7,552.0553429496615
Sakarya,974628.0,89053,35487,53566,47920,41133,7,202.03731343283582
Düzce,373616.0,34317,15034,19283,14917,19400,7,149.92616372391655
Bolu,298260.0,24596,9269,15327,14972,9624,7,35.878744135691086
Yalova,238043.0,23188,9325,13863,11646,11542,7,298.2994987468672
Ankara,5360554.0,693886,383790,310096,261250,432636,7,209.1352215980025
Konya,2165192.0,200174,89577,110597,99492,100682,7,53.019050883980604
Karaman,244089.0,21046,7362,13684,10815,10231,7,28.127333486978568
Antalya,2306973.0,347773,179612,168161,137569,210204,7,114.33676958913614
Isparta,428378.0,42250,14823,27427,23853,18397,7,47.88486474401967
Burdur,262958.0,26092,9998,16094,14013,12079,7,36.649198606271774
Adana,2207079.0,237840,123504,114336,106004,131836,7,159.42494943657903
Mersin,1776547.0,233871,123814,110057,96997,136874,7,110.96483447845097
Hatay,1571426.0,144529,71004,73525,63931,80598,7,284.47248370745837
Kahramanmaraş,1120694.0,76437,29827,46610,40099,36338,7,77.18278236914601
Osmaniye,527174.0,40966,14047,26919,22811,18155,7,158.78734939759036
Kırıkkale,272262.0,24297,8261,16036,14629,9668,7,56.82780212899186
Aksaray,391924.0,36786,16958,19828,18576,18210,7,51.171693432562996
Niğde,350421.0,31842,10214,21628,19522,12320,7,48.44083494608792
Nevşehir,288151.0,27417,9751,17666,15777,11640,7,52.53436645396536
Kırşehir,225700.0,16940,5663,11277,11118,5822,7,34.28007290400972
Kayseri,1366684.0,121518,47614,73904,64008,57510,7,80.53529758397171
Sivas,616511.0,44134,14535,29599,28424,15710,7,21.89003692657293
Yozgat,410405.0,31669,11249,20420,20184,11485,7,29.97845142439737
Zonguldak,592416.0,43471,14529,28942,25462,18009,7,177.26391382405745
Karabük,238058.0,20625,6584,14041,13766,6859,7,57.47416706904877
Bartın,192711.0,15835,4958,10877,9566,6269,7,82.70858369098713
Kastamonu,367470.0,25340,9782,15558,14277,11063,7,28.128444580526637
Çankırı,181429.0,13112,4371,8741,7664,5448,7,24.055820737204986
Sinop,205305.0,13869,3444,10425,9379,4490,7,35.91131712436593
Samsun,1292069.0,118065,49116,68949,61534,56531,7,132.86056555269923
Tokat,596841.0,45009,15948,29061,26301,18708,7,59.4344752041426
Çorum,516468.0,35687,11973,23714,21027,14660,7,41.55680720952687
Amasya,327079.0,24400,7840,16560,14843,9557,7,58.11638237384506
Trabzon,778696.0,49266,19243,30023,28180,21086,7,168.25756266205704
Ordu,736155.0,51594,17840,33754,32285,19309,7,124.47666553939804
Giresun,432965.0,31191,9868,21323,19026,12165,7,62.10054503729202
Rize,329810.0,21662,7335,14327,13546,8116,7,86.0
Artvin,165622.0,13524,5150,8374,7006,6518,7,22.402542946030028
Gümüşhane,168340.0,8888,2371,6517,6176,2712,7,25.245950809838032
Erzurum,757258.0,59525,22490,37035,33426,26099,7,30.2830520675038
Erzincan,227964.0,19386,7563,11823,10674,8712,7,19.294456199746087
Bayburt,80030.0,5476,1701,3775,3274,2202,7,21.364121729845166
Ağrı,535577.0,38376,16555,21821,18280,20096,7,48.25452743490405
Kars,286485.0,19962,6573,13389,11592,8370,7,28.106053173746687
Iğdır,194211.0,16485,6504,9981,8032,8453,7,53.00518558951965
Ardahan,96719.0,9409,3639,5770,4971,4438,7,19.602553708958247
Malatya,783348.0,59105,22557,36548,32998,26107,7,63.89982869728363
Elazığ,581170.0,46067,18060,28007,26548,19519,7,61.9386123840989
Bingöl,273043.0,19259,8377,10882,10124,9135,7,34.11758090715981
Tunceli,82334.0,11284,4600,6684,5486,5798,7,10.859140068583487
Van,1104347.0,76145,37351,38794,36949,39196,7,52.78653028057932
Muş,404165.0,22727,10528,12199,10771,11956,7,46.35983023629273
Bitlis,341324.0,25405,10540,14865,12729,12676,7,41.15312273932964
Hakkari,275405.0,26949,12709,14240,12740,14209,7,38.81677237491191
Gaziantep,1990463.0,247830,129749,118081,76407,171423,7,292.58606497133616
Adıyaman,614016.0,34745,14721,20024,19226,15519,7,83.68761074008451
Kilis,135487.0,16839,8344,8495,6729,10110,7,95.95396600566572
Şanlıurfa,1978855.0,146888,73059,73829,64818,82070,7,102.84040120569587
Diyarbakır,1699100.0,196953,111289,85664,74436,122517,7,112.51572743526918
Mardin,807390.0,55241,21803,33438,30482,24759,7,91.95785876993166
Batman,584487.0,59437,26791,32646,23869,35568,7,130.553272280545
Şırnak,502592.0,49261,23572,25689,23432,25829,7,71.00762927380616
Siirt,323905.0,24044,10352,13692,10755,13289,7,56.65646317998951
İstanbul,14556739.0,1848675,1210957,637718,587688,1260987,8,2665.581212232192
Tekirdağ,969128.0,81916,34103,47813,40339,41577,8,156.56348949919226
Edirne,398840.0,39054,16468,22586,20238,18816,8,64.90480065093573
Kırklareli,350244.0,23303,7226,16077,12432,10871,8,54.22573153738969
Balıkesir,1188307.0,102670,42994,59676,47470,55200,8,81.4857711033395
Çanakkale,515339.0,41739,16061,25678,22742,18997,8,52.4945502699399
İzmir,4196228.0,439205,230328,208877,193481,245724,8,352.8910941047851
Aydın,1060046.0,125825,58420,67405,57403,68422,8,130.61187777230163
Denizli,997835.0,96287,45884,50403,46654,49633,8,82.23462996538652
Muğla,906553.0,109486,46453,63033,60653,48833,8,71.64161529951004
Manisa,1391158.0,117655,54598,63057,56003,61652,8,104.29252567658745
Afyonkarahisar,707997.0,46792,16205,30587,26200,20592,8,50.5134845890411
Kütahya,566610.0,33258,9763,23495,18818,14440,8,48.70293965961836
Uşak,351194.0,29317,11638,17679,16377,12940,8,63.221242124212424
Bursa,2863866.0,264839,121583,143256,122077,142762,8,264.8539720706557
Eskişehir,833283.0,98116,50012,48104,45568,52548,8,59.690759312320914
Bilecik,214834.0,17899,5086,12813,11162,6737,8,51.40799234266571
Kocaeli,1823015.0,153412,85639,67773,57895,95517,8,536.6544009420077
Sakarya,957760.0,77179,29095,48084,41692,35487,8,198.54063018242124
Düzce,366744.0,29174,10560,18614,14140,15034,8,147.1685393258427
Bolu,295345.0,23264,7861,15403,13995,9269,8,35.52808853602791
Yalova,230538.0,18521,7494,11027,9196,9325,8,288.89473684210526
Ankara,5276144.0,625597,350204,275393,241808,383789,8,205.84207240948814
Konya,2145186.0,174956,74334,100622,85379,89577,8,52.52916401390861
Karaman,243348.0,17555,4795,12760,10193,7362,8,28.041945148651763
Antalya,2268021.0,314051,158781,155270,134439,179612,8,112.40625464637954
Isparta,421690.0,34887,11033,23854,20064,14823,8,47.13726805276101
Burdur,259009.0,21163,6842,14321,11165,9998,8,36.09881533101046
Adana,2192471.0,218678,110877,107801,95175,123503,8,158.36976307425599
Mersin,1755996.0,202522,104208,98314,78709,123813,8,109.68119925046845
Hatay,1550650.0,126984,59328,67656,55980,71004,8,280.7114409847936
Kahramanmaraş,1109579.0,63159,25677,37482,33332,29827,8,76.4172865013774
Osmaniye,521561.0,35169,10087,25082,21122,14047,8,157.09668674698796
Kırıkkale,272012.0,20801,7027,13774,12540,8261,8,56.77562095595909
Aksaray,387491.0,27727,10197,17530,10769,16958,8,50.59289724507116
Niğde,348936.0,22981,6200,16781,12767,10214,8,48.23555432679016
Nevşehir,287626.0,23073,7302,15771,13322,9751,8,52.43865086599818
Kırşehir,225252.0,14200,3851,10349,8537,5663,8,34.21202916160389
Kayseri,1347629.0,106448,39556,66892,58834,47614,8,79.41243370654095
Sivas,617012.0,36768,11802,24966,22233,14535,8,21.907825592955547
Yozgat,413883.0,24787,6420,18367,13538,11249,8,30.232505478451426
Zonguldak,593718.0,36869,10596,26273,22340,14529,8,177.65350089766608
Karabük,237620.0,17892,4526,13366,11308,6584,8,57.36842105263158
Bartın,191585.0,12728,3324,9404,7770,4958,8,82.22532188841201
Kastamonu,371699.0,22775,6438,16337,12993,9782,8,28.452158603796693
Çankırı,179601.0,12031,3191,8840,7660,4371,8,23.813444709626093
Sinop,203508.0,12737,2290,10447,9293,3444,8,35.59699142907119
Samsun,1281286.0,101246,40786,60460,52130,49116,8,131.7517737789203
Tokat,597994.0,33833,9706,24127,17885,15948,8,59.54929296952798
Çorum,518538.0,29487,8674,20813,17514,11973,8,41.72336659156743
Amasya,323565.0,19845,5809,14036,12008,7837,8,57.49200426439232
Trabzon,773058.0,44801,15967,28834,25558,19243,8,167.03932584269663
Ordu,745766.0,42723,11623,31100,24883,17840,8,126.1017923571187
Giresun,441115.0,26727,7430,19297,16859,9868,8,63.26950659781985
Rize,329867.0,18664,5633,13031,11329,7335,8,86.0148631029987
Artvin,167598.0,11308,3781,7527,6158,5150,8,22.669822805356418
Gümüşhane,170298.0,7251,1641,5610,4880,2371,8,25.539592081583685
Erzurum,758682.0,44168,17284,26884,21677,22491,8,30.33999840038391
Erzincan,222610.0,16116,5466,10650,8553,7563,8,18.841303427845958
Bayburt,89722.0,4254,929,3325,2553,1701,8,23.951414842498664
Ağrı,541520.0,30174,12522,17652,13619,16555,8,48.78998107937652
Kars,288569.0,14318,4579,9739,7745,6573,8,28.310507210830963
Iğdır,192137.0,13111,4672,8439,6607,6504,8,52.43913755458515
Ardahan,97922.0,7107,2304,4803,3467,3640,8,19.846372111876775
Malatya,777109.0,53225,20887,32338,30668,22557,8,63.39089648421568
Elazığ,576891.0,40155,15571,24584,22095,18060,8,61.48257486944474
Bingöl,269029.0,15863,6666,9197,7486,8377,8,33.61601899287767
Tunceli,82053.0,7945,3325,4620,3345,4600,8,10.822078607227644
Van,1097762.0,57717,29114,28603,20366,37351,8,52.47177477176043
Muş,406135.0,17434,7315,10119,6906,10528,8,46.58579949529709
Bitlis,340845.0,19579,7473,12106,9039,10540,8,41.095370147094286
Hakkari,267586.0,18643,9131,9512,5934,12709,8,37.714728682170545
Gaziantep,1955922.0,195690,94764,100926,65944,129746,8,287.5087461414082
Adıyaman,609826.0,29493,11028,18465,14771,14722,8,83.11653264276953
Kilis,130290.0,15025,7103,7922,6681,8344,8,92.27337110481587
Şanlıurfa,1935283.0,119507,56301,63206,46448,73059,8,100.57597962789731
Diyarbakır,1672082.0,155495,95408,60087,44200,111295,8,110.72657439904643
Mardin,794070.0,43140,16891,26249,21337,21803,8,90.44077448747153
Batman,575241.0,45760,21234,24526,18969,26791,8,128.48805003350458
Şırnak,483125.0,37391,15428,21963,13819,23572,8,68.2572760666855
Siirt,322135.0,17297,8183,9114,6945,10352,8,56.34686024138534
İstanbul,14458174.0,1858130,1216169,641961,647173,1210957,9,2647.532320087896
Tekirdağ,934568.0,79826,33071,46755,45723,34103,9,150.98029079159934
Edirne,399784.0,37897,15629,22268,21429,16468,9,65.05842148087876
Kırklareli,345744.0,23504,7580,15924,16278,7226,9,53.52902926149559
Balıkesir,1180416.0,99862,41315,58547,56868,42994,9,80.94466159226496
Çanakkale,510837.0,41257,15649,25608,25196,16061,9,52.03595803198533
İzmir,4143818.0,435150,231919,203231,204823,230327,9,348.48355899419727
Aydın,1045492.0,119636,56355,63281,61216,58420,9,128.8186298669295
Denizli,986622.0,95154,45962,49192,49270,45884,9,81.31053238833032
Muğla,892323.0,104377,46237,58140,57924,46453,9,70.51706970128022
Manisa,1376228.0,115989,54554,61435,61391,54598,9,103.17325136816852
Afyonkarahisar,704520.0,46159,16192,29967,29956,16203,9,50.26541095890411
Kütahya,566846.0,32467,9888,22579,22704,9763,9,48.72322503008424
Uşak,347757.0,30056,12161,17895,18418,11638,9,62.6025202520252
Bursa,2813650.0,251028,117326,133702,129448,121580,9,260.20993248867103
Eskişehir,817865.0,93328,47011,46317,43316,50012,9,58.58631805157593
Bilecik,210051.0,16870,5375,11495,11785,5085,9,50.26346015793252
Kocaeli,1773047.0,154391,86388,68003,68752,85639,9,521.9449514277303
Sakarya,941667.0,72524,27156,45368,43429,29095,9,195.20460199004975
Düzce,358404.0,27927,10312,17615,17366,10561,9,143.82182985553771
Bolu,287328.0,22746,7372,15374,14885,7861,9,34.56369541681703
Yalova,226225.0,17874,6700,11174,10380,7494,9,283.48997493734333
Ankara,5215511.0,609916,344437,265479,259712,350204,9,203.4765527465668
Konya,2116731.0,170446,67458,102988,96113,74333,9,51.83238650276703
Karaman,240810.0,17858,4986,12872,13063,4795,9,27.749481447338095
Antalya,2233701.0,305599,154485,151114,146818,158781,9,110.70530802398771
Isparta,416816.0,32707,10865,21842,21674,11033,9,46.592443550190026
Burdur,256380.0,20115,6665,13450,13273,6842,9,35.73240418118467
Adana,2173795.0,211659,109439,102220,100783,110876,9,157.0207310026004
Mersin,1733477.0,191698,96660,95038,87490,104208,9,108.27464084946908
Hatay,1529511.0,121512,55675,65837,62184,59328,9,276.8846850108617
Kahramanmaraş,1093600.0,64363,26713,37650,38687,25676,9,75.3168044077135
Osmaniye,512359.0,35397,11961,23436,25310,10087,9,154.325
Kırıkkale,267176.0,20279,6779,13500,13252,7027,9,55.76622834481319
Aksaray,379545.0,27538,10113,17425,17341,10197,9,49.5554249902076
Niğde,344032.0,20845,5903,14942,14645,6200,9,47.5576444567321
Nevşehir,284417.0,21392,7099,14293,14090,7302,9,51.85360072926162
Kırşehir,222482.0,13514,4098,9416,9663,3851,9,33.79131227217497
Kayseri,1331537.0,101108,39020,62088,61552,39556,9,78.46417206835592
Sivas,615186.0,36804,12264,24540,25002,11802,9,21.842991052407328
Yozgat,413570.0,22398,6134,16264,15978,6420,9,30.209642074506938
Zonguldak,592888.0,33657,8583,25074,23061,10596,9,177.40514661879115
Karabük,233980.0,18213,4466,13747,13687,4526,9,56.489618541767264
Bartın,190043.0,12390,3133,9257,9066,3324,9,81.56351931330472
Kastamonu,366760.0,20985,6054,14931,14543,6442,9,28.074096754439683
Çankırı,178564.0,9985,2980,7005,6794,3191,9,23.67594802439671
Sinop,202654.0,11576,2095,9481,9286,2290,9,35.44761238411754
Samsun,1269430.0,98321,40825,57496,57536,40785,9,130.53264781491004
Tokat,591014.0,34211,10500,23711,24505,9706,9,58.854212308305115
Çorum,519324.0,29438,8820,20618,20764,8674,9,41.78661087866109
Amasya,320245.0,19278,5846,13432,13469,5809,9,56.90209665955935
Trabzon,764101.0,42600,16320,26280,26633,15967,9,165.10393258426967
Ordu,725291.0,39781,10647,29134,28158,11623,9,122.63966858302334
Giresun,424197.0,26361,7970,18391,18930,7431,9,60.84294320137693
Rize,327976.0,18249,5750,12499,12616,5633,9,85.52177314211212
Artvin,167915.0,10274,3220,7054,6493,3781,9,22.712701203841473
Gümüşhane,150178.0,6125,1475,4650,4484,1641,9,22.522195560887823
Erzurum,759491.0,43464,16276,27188,26180,17284,9,30.372350635847397
Erzincan,221514.0,15690,5161,10529,10224,5466,9,18.748539991536184
Bayburt,78211.0,3952,1004,2948,3023,929,9,20.878537106246664
Ağrı,546562.0,27659,11980,15679,15137,12522,9,49.24425623930084
Kars,291610.0,14846,4586,10260,10267,4579,9,28.608849210242322
Iğdır,191930.0,12952,4564,8388,8280,4672,9,52.38264192139738
Ardahan,98952.0,6815,2146,4669,4511,2304,9,20.055127685447914
Malatya,769036.0,51306,17988,33318,30419,20887,9,62.73235989884982
Elazığ,573102.0,39163,14435,24728,23591,15572,9,61.07875945859533
Bingöl,266725.0,14576,6106,8470,7910,6666,9,33.32812695239285
Tunceli,85946.0,7184,2900,4284,3859,3325,9,11.335531522025851
Van,1094303.0,55681,27165,28516,26566,29115,9,52.30643850676354
Muş,408366.0,16623,6610,10013,9308,7315,9,46.84170681348933
Bitlis,340334.0,16147,6144,10003,8674,7473,9,41.03375934410417
Hakkari,278581.0,16239,8472,7767,7108,9131,9,39.26441155743481
Gaziantep,1916252.0,168320,76912,91408,73557,94763,9,281.6774952226959
Adıyaman,602292.0,26773,9691,17082,15745,11028,9,82.08968243151152
Kilis,130076.0,16377,5985,10392,9274,7103,9,92.12181303116148
Şanlıurfa,1889041.0,105651,45097,60554,49350,56301,9,98.17279908533416
Diyarbakır,1653124.0,144677,83651,61026,49269,95408,9,109.47116085027481
Mardin,794510.0,38477,14657,23820,21586,16891,9,90.49088838268793
Batman,564975.0,44491,20276,24215,23257,21234,9,126.1949966495421
Şırnak,489418.0,27122,12887,14235,11693,15429,9,69.14636903079966
Siirt,319832.0,16645,7014,9631,8462,8183,9,55.944026587371
İstanbul,14221482.0,1877707,1226072,651635,661539,1216168,10,2604.1900750778245
Tekirdağ,903940.0,75099,30042,45057,42028,33071,10,146.03231017770597
Edirne,397959.0,39447,15038,24409,23818,15629,10,64.76143205858422
Kırklareli,342661.0,23833,7613,16220,16253,7580,10,53.05171079114414
Balıkesir,1183579.0,96693,40190,56503,55378,41315,10,81.16155797846808
Çanakkale,509796.0,39206,14081,25125,23557,15649,10,51.92991749006825
İzmir,4091894.0,435465,237122,198343,203546,231919,10,344.1168951307712
Aydın,1034333.0,114453,53162,61291,58098,56355,10,127.44369147363233
Denizli,973596.0,88862,42034,46828,42900,45962,10,80.23701994395913
Muğla,878566.0,101001,42116,58885,54764,46237,10,69.42990358779832
Manisa,1365242.0,115524,53931,61593,60969,54555,10,102.34965139815579
Afyonkarahisar,702712.0,44258,14660,29598,28066,16192,10,50.13641552511415
Kütahya,568221.0,31177,9382,21795,21289,9888,10,48.84141309953584
Uşak,345731.0,28847,11610,17237,16686,12161,10,62.23780378037804
Bursa,2763351.0,241488,110029,131459,124163,117325,10,255.5582169610654
Eskişehir,806323.0,93405,47785,45620,46394,47011,10,57.759527220630375
Bilecik,208439.0,16097,5284,10813,10722,5375,10,49.87772194304858
Kocaeli,1716566.0,149250,80650,68600,62862,86388,10,505.31822196055344
Sakarya,925541.0,67222,24584,42638,40066,27156,10,191.86173300165837
Düzce,353750.0,28528,9311,19217,18217,10311,10,141.954253611557
Bolu,282258.0,21086,6691,14395,13714,7372,10,33.95380728978708
Yalova,222695.0,18191,7073,11118,11491,6700,10,279.06641604010025
Ankara,5110993.0,584508,332631,251877,240072,344436,10,199.3989154182272
Konya,2094919.0,155570,58361,97209,88112,67458,10,51.298276115382734
Karaman,239125.0,19645,5377,14268,14659,4986,10,27.55531228393639
Antalya,2174812.0,293085,145620,147465,138600,154485,10,107.78668781285623
Isparta,415246.0,31643,9863,21780,20778,10865,10,46.41694612117147
Burdur,255388.0,18890,6335,12555,12225,6665,10,35.594146341463414
Adana,2154759.0,203390,101350,102040,93951,109439,10,155.64569488587114
Mersin,1715941.0,181235,91768,89467,84575,96660,10,107.1793254216115
Hatay,1515724.0,116428,48839,67589,60754,55674,10,274.38884866039103
Kahramanmaraş,1086037.0,59037,23925,35112,32324,26713,10,74.79593663911845
Osmaniye,506299.0,34333,10430,23903,22372,11961,10,152.49969879518073
Kırıkkale,268899.0,19321,6426,12895,12542,6779,10,56.12586098935504
Aksaray,378459.0,23743,8010,15733,13630,10113,10,49.413631022326676
Niğde,342738.0,20127,5870,14257,14224,5903,10,47.37876693392314
Nevşehir,283349.0,21017,6863,14154,13918,7099,10,51.658887876025524
Kırşehir,220841.0,13327,4167,9160,9229,4098,10,33.54207168894289
Kayseri,1314519.0,94949,37234,57715,55930,39019,10,77.46134354743666
Sivas,620214.0,37309,11909,25400,25045,12264,10,22.02151682999574
Yozgat,428141.0,21841,5676,16165,15707,6134,10,31.27399561723886
Zonguldak,596917.0,33212,8251,24961,24629,8583,10,178.61071214841414
Karabük,229751.0,17193,4814,12379,12727,4466,10,55.46861419604056
Bartın,188778.0,11211,2530,8681,8078,3133,10,81.0206008583691
Kastamonu,366004.0,19984,5788,14196,13934,6050,10,28.016227801592162
Çankırı,182378.0,10108,2828,7280,7128,2980,10,24.181649429859455
Sinop,203862.0,11109,2031,9078,9014,2095,10,35.65891201679202
Samsun,1264069.0,91499,39711,51788,50674,40825,10,129.9813881748072
Tokat,595692.0,32148,7957,24191,21648,10500,10,59.32005576578371
Çorum,523733.0,29317,9232,20085,20497,8820,10,42.14137431606051
Amasya,320828.0,18877,5086,13791,13031,5846,10,57.00568585643212
Trabzon,763654.0,40478,15405,25073,24158,16320,10,165.00734658599828
Ordu,722584.0,39849,10264,29585,29202,10647,10,122.18194115657761
Giresun,428051.0,26610,7931,18679,18640,7970,10,61.395725760183595
Rize,328927.0,18296,5185,13111,12546,5750,10,85.76975228161669
Artvin,169297.0,9865,2882,6983,6645,3220,10,22.8996347896659
Gümüşhane,145396.0,5874,1188,4686,4399,1475,10,21.80503899220156
Erzurum,760703.0,42314,16177,26137,26038,16276,10,30.420819003439174
Erzincan,222462.0,14481,4739,9742,9320,5161,10,18.828776978417267
Bayburt,80301.0,3565,765,2800,2561,1004,10,21.436465563267486
Ağrı,548705.0,25375,9353,16022,13395,11980,10,49.43733669699973
Kars,295439.0,15317,4268,11049,10731,4586,10,28.984499166094377
Iğdır,191606.0,12892,3575,9317,8328,4564,10,52.294213973799124
Ardahan,100561.0,6941,1816,5125,4795,2146,10,20.38123226591001
Malatya,766090.0,48497,18634,29863,30509,17988,10,62.49204665959703
Elazığ,567997.0,38046,12428,25618,23612,14434,10,60.53469039752744
Bingöl,265864.0,13856,3958,9898,7751,6105,10,33.22054229663876
Tunceli,86405.0,7014,1645,5369,4114,2900,10,11.39606963861778
Van,1083725.0,54735,26914,27821,27570,27165,10,51.800822140433056
Muş,410853.0,14954,5042,9912,8344,6610,10,47.126978664831384
Bitlis,337925.0,14263,4434,9829,8119,6144,10,40.74330841572221
Hakkari,276109.0,16376,4918,11458,7904,8472,10,38.91599718111346
Gaziantep,1878460.0,150946,70946,80000,74034,76912,10,276.12229898574157
Adıyaman,597405.0,25779,8324,17455,16088,9691,10,81.42360637862886
Kilis,127881.0,14953,4556,10397,8968,5985,10,90.5672804532578
Şanlıurfa,1842316.0,96391,40839,55552,51294,45097,10,95.74451720195405
Diyarbakır,1633958.0,143454,90233,53221,59803,83651,10,108.20197337924641
Mardin,786257.0,34183,11080,23103,19526,14657,10,89.55091116173121
Batman,555861.0,38041,16690,21351,17765,20276,10,124.1592584319857
Şırnak,487906.0,25951,8267,17684,13064,12887,10,68.93274936422718
Siirt,317877.0,15627,5287,10340,8613,7014,10,55.60206401959069
İstanbul,14025449.0,1818783,1168307,650476,594803,1223980,11,2568.2931697491304
Tekirdağ,871220.0,70722,28370,42352,40679,30043,11,140.74636510500807
Edirne,396572.0,36412,12513,23899,21374,15038,11,64.53572009764036
Kırklareli,339410.0,23594,7544,16050,15981,7613,11,52.548382102492646
Balıkesir,1158352.0,94599,38226,56373,54409,40190,11,79.43166700953165
Çanakkale,500588.0,36865,12559,24306,22784,14081,11,50.99195273505144
İzmir,4039477.0,445404,243551,201853,208908,236496,11,339.70877133966866
Aydın,1012869.0,109658,48987,60671,56500,53158,11,124.79903893543617
Denizli,959944.0,85600,40652,44948,43578,42022,11,79.11191692764133
Muğla,850175.0,97030,37881,59149,54916,42114,11,67.186265212581
Manisa,1357215.0,114331,52129,62202,60405,53926,11,101.74788215008621
Afyonkarahisar,703145.0,41482,13882,27600,26822,14660,11,50.16730878995434
Kütahya,570007.0,29486,8570,20916,20104,9382,11,48.99492865738353
Uşak,344070.0,28135,10457,17678,16525,11610,11,61.93879387938794
Bursa,2718379.0,223352,97445,125907,113399,109953,11,251.39914917229262
Eskişehir,794969.0,85440,42625,42815,37655,47785,11,56.946203438395415
Bilecik,207697.0,15784,5033,10751,10502,5282,11,49.700167504187604
Kocaeli,1669528.0,140462,73851,66611,59812,80650,11,491.4712982042979
Sakarya,911413.0,63825,23105,40720,39241,24584,11,188.9330431177446
Düzce,350091.0,29024,8560,20464,19713,9311,11,140.48595505617976
Bolu,282092.0,20948,6388,14560,14257,6691,11,33.93383856610129
Yalova,217130.0,17059,5959,11100,9986,7073,11,272.09273182957395
Ankara,5013667.0,538761,304847,233914,206598,332163,11,195.60186485642947
Konya,2068987.0,147928,52913,95015,89567,58361,11,50.663279298692395
Karaman,236925.0,17769,4595,13174,12392,5377,11,27.301797649227932
Antalya,2115955.0,286432,141708,144724,140910,145522,11,104.86965356594142
Isparta,415372.0,30316,9291,21025,20453,9863,11,46.431030628213726
Burdur,256097.0,18935,6523,12412,12600,6335,11,35.69296167247387
Adana,2138951.0,193630,93615,100015,93783,99847,11,154.50382837330253
Mersin,1694370.0,180898,85425,95473,89130,91768,11,105.8319800124922
Hatay,1498306.0,102027,40284,61743,53189,48838,11,271.23569876900797
Kahramanmaraş,1072606.0,56754,22064,34690,32834,23920,11,73.87093663911845
Osmaniye,498388.0,34450,11057,23393,24020,10430,11,150.1168674698795
Kırıkkale,272969.0,19292,6581,12711,12866,6426,11,56.97537048632853
Aksaray,377690.0,22256,7785,14471,14246,8010,11,49.31322626974801
Niğde,342680.0,20428,5970,14458,14558,5870,11,47.37074923970141
Nevşehir,283658.0,20245,6338,13907,13383,6862,11,51.71522333637192
Kırşehir,221279.0,12818,3975,8843,8651,4167,11,33.60859659781288
Kayseri,1289141.0,92203,38164,54039,54969,37234,11,75.96588096641132
Sivas,621239.0,38358,12858,25500,26450,11908,11,22.057910808123847
Yozgat,439292.0,21239,5627,15612,15563,5676,11,32.08853177501826
Zonguldak,600431.0,33334,7452,25882,25083,8251,11,179.66217833632555
Karabük,229632.0,15911,4974,10937,11097,4814,11,55.43988411395461
Bartın,188683.0,11232,2545,8687,8702,2530,11,80.97982832618025
Kastamonu,366264.0,18488,4710,13778,12700,5788,11,28.036129822412736
Çankırı,190298.0,10074,2819,7255,7246,2828,11,25.231768761601696
Sinop,204144.0,11351,2109,9242,9320,2031,11,35.70823858667133
Samsun,1257053.0,90421,39588,50833,50847,39574,11,129.25994858611824
Tokat,596078.0,29361,7756,21605,21404,7957,11,59.35849432383987
Çorum,529091.0,29254,9741,19513,20022,9232,11,42.57249758609591
Amasya,320595.0,18911,4797,14114,13825,5086,11,56.964285714285715
Trabzon,755906.0,39660,14676,24984,24255,15405,11,163.33318928262747
Ordu,730061.0,40356,9927,30429,30092,10264,11,123.44622928643896
Giresun,423525.0,26443,7945,18498,18512,7931,11,60.746557659208264
Rize,327459.0,16879,4920,11959,11695,5184,11,85.38696219035202
Artvin,169004.0,9488,2514,6974,6608,2880,11,22.860002705261735
Gümüşhane,140548.0,6067,1045,5022,4879,1188,11,21.077984403119377
Erzurum,764211.0,40156,14846,25310,25265,14891,11,30.561105334719667
Erzincan,218978.0,14326,4679,9647,9589,4737,11,18.533897587812103
Bayburt,75364.0,3220,739,2481,2455,765,11,20.11852642819007
Ağrı,550511.0,21405,8086,13319,12064,9341,11,49.60005405892423
Kars,300119.0,14288,3533,10755,10055,4233,11,29.443637790640636
Iğdır,189964.0,11763,2879,8884,8198,3565,11,51.846069868995635
Ardahan,102587.0,7018,1443,5575,5215,1803,11,20.7918524523713
Malatya,759818.0,47420,18303,29117,30406,17014,11,61.98042254670038
Elazığ,567631.0,32991,10521,22470,20571,12420,11,60.495683683256956
Bingöl,265365.0,11494,3515,7979,7536,3958,11,33.158190678495565
Tunceli,85329.0,5279,1685,3594,3656,1623,11,11.254154576628858
Van,1069109.0,46297,20435,25862,23857,22440,11,51.10219396778356
Muş,412219.0,14176,4333,9843,9134,5042,11,47.28366597843542
Bitlis,337053.0,12054,3753,8301,7627,4427,11,40.63817217265493
Hakkari,272901.0,11605,4544,7061,6688,4917,11,38.46384778012685
Gaziantep,1835709.0,148455,64988,83467,77509,70946,11,269.83815963545493
Adıyaman,596728.0,24558,7667,16891,16244,8314,11,81.33133433283358
Kilis,127106.0,13198,3908,9290,8642,4556,11,90.01841359773371
Şanlıurfa,1797738.0,89661,32944,56717,48822,40839,11,93.42781415653259
Diyarbakır,1606510.0,125019,75824,49195,46540,78479,11,106.3843454075889
Mardin,776671.0,30734,9354,21380,19654,11080,11,88.45911161731208
Batman,545709.0,30717,11852,18865,14027,16690,11,121.89166852803217
Şırnak,474204.0,20790,6660,14130,12523,8267,11,66.99689177733823
Siirt,313688.0,13385,4960,8425,8098,5287,11,54.869337064894175
İstanbul,13769380.0,1746437,1097667,648770,578135,1168302,12,2521.4026735030216
Tekirdağ,850002.0,64769,23426,41343,36401,28368,12,137.31857835218094
Edirne,398124.0,33784,10360,23424,21271,12513,12,64.78828315703824
Kırklareli,340332.0,21997,6558,15439,14453,7544,12,52.691128657686946
Balıkesir,1158268.0,87517,33046,54471,49291,38226,12,79.4259068778715
Çanakkale,492587.0,36054,11888,24166,23495,12559,12,50.17693796475502
İzmir,3992476.0,425927,227514,198413,182376,243551,12,335.7561180724918
Aydın,1002412.0,100918,42573,58345,51931,48987,12,123.5105963528832
Denizli,948344.0,87828,41921,45907,47176,40652,12,78.15592549859898
Muğla,840936.0,86313,32309,54004,48432,37881,12,66.45614035087719
Manisa,1345125.0,108296,46171,62125,56167,52129,12,100.84151735512407
Afyonkarahisar,701152.0,39718,12432,27286,25836,13882,12,50.02511415525114
Kütahya,572126.0,28931,8287,20644,20361,8570,12,49.17706721677841
Uşak,341143.0,26960,9248,17712,16503,10457,12,61.41188118811881
Bursa,2674365.0,207197,86689,120508,109755,97442,12,247.32867844261537
Eskişehir,786977.0,76395,38020,38375,33770,42625,12,56.373710601719196
Bilecik,203461.0,14811,4476,10335,9778,5033,12,48.68652787748265
Kocaeli,1630553.0,130638,64364,66274,56787,73851,12,479.99793935825727
Sakarya,898915.0,58278,19162,39116,35173,23105,12,186.3422470978441
Düzce,345722.0,28294,8141,20153,19734,8560,12,138.73274478330657
Bolu,280259.0,19763,5486,14277,13376,6387,12,33.7133405509443
Yalova,209992.0,14972,5276,9696,9013,5959,12,263.1478696741855
Ankara,4943343.0,495057,279375,215682,190210,304847,12,192.85826310861424
Konya,2047993.0,134654,41584,93070,81741,52913,12,50.14919927518488
Karaman,234932.0,15862,4167,11695,11267,4595,12,27.072136436967043
Antalya,2065052.0,264144,127175,136969,122437,141707,12,102.34683054963573
Isparta,414857.0,29402,8174,21228,20117,9285,12,46.373463000223566
Burdur,253645.0,18228,5997,12231,11705,6523,12,35.35121951219512
Adana,2120894.0,179927,87152,92775,86311,93616,12,153.19950881248195
Mersin,1679274.0,163318,75697,87621,77893,85425,12,104.88906933166771
Hatay,1480654.0,87082,33745,53337,46798,40284,12,268.04018826937005
Kahramanmaraş,1061648.0,53408,20646,32762,31344,22064,12,73.11625344352618
Osmaniye,491902.0,30692,9484,21208,19635,11057,12,148.1632530120482
Kırıkkale,273540.0,18112,5954,12158,11531,6581,12,57.09455228553538
Aksaray,376298.0,18672,6139,12533,10887,7785,12,49.13147930539235
Niğde,339574.0,20523,6051,14472,14553,5970,12,46.94138789051701
Nevşehir,283655.0,20661,5950,14711,14323,6338,12,51.71467639015497
Kırşehir,219977.0,12445,4188,8257,8470,3975,12,33.41084447144593
Kayseri,1270806.0,85880,33779,52101,47718,38162,12,74.88544490276959
Sivas,621652.0,37819,12646,25173,24961,12858,12,22.072574918335462
Yozgat,449278.0,21434,5223,16211,15807,5627,12,32.81796932067202
Zonguldak,606109.0,32190,7317,24873,24738,7452,12,181.36116098144822
Karabük,225029.0,14543,3920,10623,9569,4974,12,54.32858522452921
Bartın,188123.0,10772,2724,8048,8227,2545,12,80.73948497854077
Kastamonu,358439.0,17408,4318,13090,12694,4714,12,27.437155541947337
Çankırı,184073.0,10129,2844,7285,7310,2819,12,24.40639087775126
Sinop,201203.0,11611,2134,9477,9502,2109,12,35.19380794122792
Samsun,1249227.0,87925,34841,53084,48340,39585,12,128.45521850899743
Tokat,612224.0,28451,7326,21125,20695,7756,12,60.9663413662617
Çorum,528242.0,28295,9911,18384,18554,9741,12,42.50418410041841
Amasya,320917.0,17585,4529,13056,12788,4797,12,57.02149964463397
Trabzon,756406.0,39614,13214,26400,24937,14677,12,163.44122731201384
Ordu,740480.0,38992,9124,29868,29066,9926,12,125.20798106188705
Giresun,418980.0,24374,7316,17058,16428,7946,12,60.09466437177281
Rize,323565.0,16999,5210,11789,12079,4920,12,84.3715775749674
Artvin,166846.0,8626,2418,6208,6113,2513,12,22.568104964155282
Gümüşhane,134513.0,6239,974,5265,5194,1045,12,20.172915416916616
Erzurum,776588.0,39592,13876,25716,24746,14846,12,31.056066544029434
Erzincan,217371.0,13769,4454,9315,9090,4679,12,18.39788404570461
Bayburt,75635.0,3296,829,2467,2557,739,12,20.190870261612385
Ağrı,551745.0,20452,7660,12792,12366,8086,12,49.711235246418596
Kars,304299.0,13944,3075,10869,10411,3533,12,29.85372314333366
Iğdır,190056.0,11229,3129,8100,8350,2879,12,51.87117903930131
Ardahan,106522.0,6260,1177,5083,4817,1443,12,21.58937981353871
Malatya,760508.0,46477,15620,30857,28174,18303,12,62.03670772493678
Elazığ,562439.0,30597,8877,21720,20075,10522,12,59.94234253437067
Bingöl,262434.0,10164,3218,6946,6649,3515,12,32.79195301761839
Tunceli,86244.0,5331,1570,3761,3646,1685,12,11.37483513584806
Van,1051387.0,41069,18856,22213,20636,20433,12,50.25510252855982
Muş,413014.0,12052,3581,8471,7719,4333,12,47.374856618490476
Bitlis,337199.0,11872,3545,8327,8119,3753,12,40.65577525922353
Hakkari,279868.0,10633,3773,6860,6089,4544,12,39.445806906272026
Gaziantep,1795430.0,137831,55111,82720,72844,64987,12,263.91738938703514
Adıyaman,595030.0,24581,7264,17317,16914,7667,12,81.09990459315797
Kilis,123965.0,9401,2383,7018,5493,3908,12,87.79390934844193
Şanlıurfa,1760307.0,82350,27122,55228,49406,32944,12,91.48253819769255
Diyarbakır,1591658.0,118633,71144,47489,42809,75824,12,105.40083438182901
Mardin,771024.0,31790,10497,21293,22436,9354,12,87.81594533029613
Batman,533194.0,25505,10564,14941,13653,11852,12,119.09626982354256
Şırnak,466206.0,18551,5624,12927,11891,6660,12,65.86691155693698
Siirt,310596.0,12853,4728,8125,7893,4960,12,54.32849396536645
İstanbul,13552531.0,1709431,1045616,663815,611733,1097698,13,2481.6940120856984
Tekirdağ,827602.0,58755,21173,37582,35329,23426,13,133.69983844911147
Edirne,398034.0,29731,9213,20518,19371,10360,13,64.77363710333604
Kırklareli,339470.0,21058,6830,14228,14500,6558,13,52.557671466171236
Balıkesir,1152216.0,84533,32269,52264,51487,33046,13,79.01090310635672
Çanakkale,485200.0,32534,10537,21997,20646,11888,13,49.42446776000815
İzmir,3951759.0,415053,228594,186459,187576,227477,13,332.33193171306027
Aydın,993787.0,97266,39349,57917,54693,42573,13,122.44788072942336
Denizli,940883.0,88806,41012,47794,46885,41921,13,77.54104170100544
Muğla,828664.0,80241,29464,50777,47932,32309,13,65.48632843369685
Manisa,1339046.0,101563,43435,58128,55392,46171,13,100.3857860409326
Afyonkarahisar,696804.0,40014,12086,27928,27582,12432,13,49.71489726027397
Kütahya,563328.0,28349,7481,20868,20063,8286,13,48.42083548220732
Uşak,339156.0,26033,8320,17713,16785,9248,13,61.054185418541856
Bursa,2639708.0,198551,80103,118448,111862,86689,13,244.12355498011652
Eskişehir,778576.0,70895,33614,37281,32875,38020,13,55.771919770773636
Bilecik,203409.0,15244,4968,10276,10768,4476,13,48.67408470926059
Kocaeli,1598174.0,123117,57380,65737,58753,64364,13,470.466293788637
Sakarya,886560.0,51848,15313,36535,32687,19161,13,183.7810945273632
Düzce,341826.0,27236,8434,18802,19094,8142,13,137.169341894061
Bolu,275889.0,18560,5026,13534,13074,5486,13,33.187657885239986
Yalova,205304.0,13372,4851,8521,8096,5276,13,257.2731829573935
Ankara,4871354.0,460601,250471,210130,181228,279373,13,190.04970349563047
Konya,2033330.0,120422,31986,88436,78840,41582,13,49.79014643224448
Karaman,233624.0,15025,3911,11114,10858,4167,13,26.921410463240377
Antalya,2016910.0,253481,117211,136270,126306,127175,13,99.96084650840065
Isparta,410153.0,28109,7321,20788,19935,8174,13,45.84764140397943
Burdur,250192.0,19224,6209,13015,13227,5997,13,34.86996515679442
Adana,2104936.0,171394,82061,89333,84244,87150,13,152.04680728113263
Mersin,1664997.0,150456,66028,84428,74759,75697,13,103.99731417863835
Hatay,1471084.0,78874,29799,49075,45129,33745,13,266.3077480086894
Kahramanmaraş,1053199.0,49786,18806,30980,29140,20646,13,72.53436639118458
Osmaniye,485173.0,28209,9458,18751,18725,9484,13,146.13644578313253
Kırıkkale,274250.0,18833,5679,13154,12879,5954,13,57.24274681694845
Aksaray,375351.0,16777,5160,11617,10638,6139,13,49.0078339208774
Niğde,337264.0,18660,4857,13803,12608,6052,13,46.62206248272049
Nevşehir,281904.0,18077,5126,12951,12127,5950,13,51.3954421148587
Kırşehir,220448.0,11757,3749,8008,7426,4331,13,33.482381530984206
Kayseri,1252080.0,78362,30417,47945,44583,33779,13,73.78196817913965
Sivas,625438.0,40575,13962,26613,27929,12646,13,22.207001846328648
Yozgat,461932.0,19807,4965,14842,14727,5080,13,33.742293644996344
Zonguldak,611659.0,32965,7579,25386,25648,7317,13,183.02184320766008
Karabük,219618.0,12980,2697,10283,9060,3920,13,53.02221149203283
Bartın,187092.0,11104,2169,8935,8380,2724,13,80.29699570815451
Kastamonu,359163.0,18439,5163,13276,14059,4380,13,27.492575015309246
Çankırı,176951.0,10339,2798,7541,7495,2844,13,23.46207902413153
Sinop,202899.0,10444,1787,8657,8372,2072,13,35.490467028161625
Samsun,1249500.0,84218,32817,51401,49377,34841,13,128.4832904884319
Tokat,606820.0,28087,7175,20912,20761,7326,13,60.428201553475404
Çorum,532985.0,28252,9234,19018,18341,9911,13,42.88582233665916
Amasya,322487.0,17495,4775,12720,12966,4529,13,57.30046197583511
Trabzon,755890.0,39338,13890,25448,26124,13214,13,163.32973206568712
Ordu,713578.0,38486,9039,29447,29362,9124,13,120.6591139668583
Giresun,418745.0,24215,7225,16990,16899,7316,13,60.06095811818703
Rize,322739.0,18663,6115,12548,13453,5210,13,84.1561929595828
Artvin,166228.0,9196,2784,6412,6778,2418,13,22.484512376572432
Gümüşhane,131722.0,6220,981,5239,5246,974,13,19.754349130173964
Erzurum,779177.0,41703,15637,26066,27827,13876,13,31.159601695593057
Erzincan,215106.0,14453,5217,9236,9999,4454,13,18.20617858654253
Bayburt,76697.0,2948,631,2317,2119,829,13,20.47437266417512
Ağrı,555094.0,23537,7780,15757,15877,7660,13,50.01297414181458
Kars,305684.0,14862,3992,10870,11787,3075,13,29.989600706367114
Iğdır,188520.0,10696,2330,8366,7567,3129,13,51.451965065502186
Ardahan,107396.0,7382,1653,5729,6205,1177,13,21.76651803810296
Malatya,757215.0,43786,13912,29874,28166,15620,13,61.768088751121624
Elazığ,558231.0,30259,8636,21623,21382,8877,13,59.493871895982096
Bingöl,262150.0,8621,2005,6616,5403,3218,13,32.75646632512807
Tunceli,85000.0,5775,1614,4161,4205,1570,13,11.210762331838565
Van,1021894.0,36682,13699,22983,17827,18855,13,48.84537068017781
Muş,414404.0,12288,3158,9130,8707,3581,13,47.53429685707731
Bitlis,336522.0,13608,3370,10238,10063,3545,13,40.574149987943095
Hakkari,272095.0,9562,3131,6431,5789,3773,13,38.35024665257223
Gaziantep,1750491.0,119006,54566,64440,63895,55111,13,257.31162722328384
Adıyaman,593707.0,22908,5746,17162,15644,7264,13,80.91958566171459
Kilis,124254.0,6992,2191,4801,4609,2383,13,87.9985835694051
Şanlıurfa,1714518.0,75301,22363,52938,48179,27122,13,89.10289990645462
Diyarbakır,1570484.0,107963,56767,51196,36819,71144,13,103.99867558439838
Mardin,762055.0,30844,10055,20789,20347,10497,13,86.79441913439635
Batman,524155.0,25292,10051,15241,14728,10564,13,117.07728389546571
Şırnak,457260.0,18009,5212,12797,12385,5624,13,64.60299519638316
Siirt,310411.0,12122,3986,8136,7394,4728,13,54.296134336190306
İstanbul,13202784.0,1811645,1113247,698398,766025,1045620,14,2417.64951474089
Tekirdağ,795983.0,53500,19902,33598,32327,21173,14,128.59176090468497
Edirne,389714.0,29637,9165,20472,20424,9213,14,63.41969080553295
Kırklareli,332217.0,20639,7134,13505,13810,6829,14,51.43474222015792
Balıkesir,1150470.0,82811,30772,52039,50542,32269,14,78.8911746554207
Çanakkale,489409.0,31681,9583,22098,21144,10537,14,49.85321381277376
İzmir,3937428.0,449338,253800,195538,220610,228728,14,331.1267345050879
Aydın,986200.0,89202,34908,54294,49855,39347,14,121.51306062099556
Denizli,930155.0,85968,39969,45999,44956,41012,14,76.6569144552497
Muğla,810164.0,76309,25706,50603,46844,29465,14,64.02434012960329
Manisa,1378658.0,97495,41556,55939,54059,43436,14,103.35542394482346
Afyonkarahisar,695986.0,40069,11842,28227,27983,12086,14,49.65653538812786
Kütahya,589912.0,28217,7287,20930,20736,7481,14,50.7058621282448
Uşak,337502.0,24636,8236,16400,16316,8320,14,60.75643564356436
Bursa,2590792.0,188733,76127,112606,108630,80103,14,239.59974105243688
Eskişehir,762679.0,68799,31746,37053,35185,33614,14,54.63316618911175
Bilecik,225099.0,14766,4421,10345,9798,4968,14,53.8643216080402
Kocaeli,1556025.0,113951,53263,60688,56571,57380,14,458.0585811009714
Sakarya,871244.0,47719,15318,32401,32406,15313,14,180.606135986733
Düzce,337857.0,25560,7771,17789,17126,8434,14,135.5766452648475
Bolu,270986.0,18334,4822,13512,13308,5026,14,32.59785877541201
Yalova,203058.0,12926,4212,8714,8075,4851,14,254.45864661654136
Ankara,4756952.0,433592,220453,213139,183121,250471,14,185.58645443196005
Konya,2009371.0,112705,29412,83293,80720,31985,14,49.20346246143298
Karaman,232228.0,14031,3866,10165,10120,3911,14,26.760543904125374
Antalya,1959686.0,248279,115500,132779,131070,117209,14,97.12474599791842
Isparta,447595.0,26708,6699,20009,19387,7321,14,50.03297563156718
Burdur,258633.0,19037,5741,13296,12828,6209,14,36.046411149825786
Adana,2082627.0,168294,80969,87325,86232,82062,14,150.4353510546085
Mersin,1644948.0,140192,56511,83681,74164,66028,14,102.74503435352905
Hatay,1477676.0,77958,28370,49588,48160,29798,14,267.50108616944243
Kahramanmaraş,1043665.0,52588,17367,35221,33782,18806,14,71.87775482093664
Osmaniye,479111.0,29477,9376,20101,20019,9458,14,144.3105421686747
Kırıkkale,276414.0,17760,5049,12711,12081,5679,14,57.6944270507201
Aksaray,373861.0,17065,5268,11797,11905,5160,14,48.81329155242199
Niğde,337782.0,18121,4401,13720,13264,4857,14,46.69366878628698
Nevşehir,281347.0,17942,5000,12942,12816,5126,14,51.29389243391066
Kırşehir,221363.0,12196,3388,8808,8447,3749,14,33.62135479951397
Kayseri,1232759.0,80642,30180,50462,50225,30417,14,72.64342958161461
Sivas,641129.0,43534,12523,31011,29572,13962,14,22.764131515409744
Yozgat,472170.0,19561,4508,15053,14596,4965,14,34.49013878743609
Zonguldak,618939.0,32870,7689,25181,25291,7579,14,185.20017953321366
Karabük,227533.0,13430,2980,10450,10733,2697,14,54.93312409464027
Bartın,187494.0,11810,2378,9432,9641,2169,14,80.46952789699571
Kastamonu,361083.0,20829,5297,15532,15666,5163,14,27.639543784445806
Çankırı,178908.0,10495,2899,7596,7697,2798,14,23.72155926809865
Sinop,202617.0,11564,2039,9525,9777,1787,14,35.44114045828231
Samsun,1251185.0,81805,30035,51770,48988,32817,14,128.65655526992288
Tokat,616313.0,31432,7064,24368,24257,7175,14,61.37353116908982
Çorum,534454.0,30284,9319,20965,21051,9233,14,43.00402317347924
Amasya,334512.0,18125,4395,13730,13350,4775,14,59.437100213219615
Trabzon,762517.0,40701,13136,27565,26812,13889,14,164.76166810717373
Ordu,718436.0,39453,9686,29767,30414,9039,14,121.48055461616504
Giresun,418417.0,25102,7535,17567,17877,7225,14,60.013912794033274
Rize,319437.0,19200,5205,13995,13084,6116,14,83.29517601043025
Artvin,164646.0,9685,2483,7202,6901,2784,14,22.270526173407276
Gümüşhane,128809.0,5894,1026,4868,4913,981,14,19.31748650269946
Erzurum,768348.0,46238,16211,30027,30601,15637,14,30.726545629049028
Erzincan,224804.0,14888,4330,10558,9671,5217,14,19.026999576809143
Bayburt,74400.0,3279,629,2650,2648,631,14,19.8611852642819
Ağrı,541825.0,25243,6516,18727,17463,7780,14,48.81746103252545
Kars,301711.0,16607,2693,13914,12615,3992,14,29.59982340822133
Iğdır,184133.0,11250,1870,9380,8920,2330,14,50.25463973799127
Ardahan,105440.0,8333,1257,7076,6680,1653,14,21.37008512363194
Malatya,740085.0,43116,12083,31033,29204,13912,14,60.37074802186149
Elazığ,552380.0,32375,8760,23615,23739,8636,14,58.87029734626452
Bingöl,255064.0,8874,1986,6888,6869,2005,14,31.871048356866176
Tunceli,76654.0,6365,1482,4883,4751,1614,14,10.10999736217357
Van,1035077.0,44707,15626,29081,31009,13698,14,49.475503083026624
Muş,406552.0,15642,2963,12679,12497,3145,14,46.633631566873134
Bitlis,328732.0,15480,3015,12465,12110,3370,14,39.6349168073306
Hakkari,251256.0,10508,2616,7892,7377,3131,14,35.41310782241015
Gaziantep,1699378.0,118665,51514,67151,64101,54564,14,249.798324268705
Adıyaman,590698.0,21582,4827,16755,15836,5746,14,80.50947253645904
Kilis,123102.0,7244,2124,5120,5053,2191,14,87.1827195467422
Şanlıurfa,1661854.0,75908,18135,57773,53545,22363,14,86.36597027336036
Diyarbakır,1528708.0,100012,50247,49765,43245,56767,14,101.23223627574333
Mardin,742994.0,30543,8998,21545,20488,10055,14,84.62346241457858
Batman,510034.0,25104,8406,16698,15052,10052,14,113.92316283225374
Şırnak,429616.0,17405,3908,13497,12193,5212,14,60.69737213902232
Siirt,300673.0,13012,3680,9332,9026,3986,14,52.592793423124014
İstanbul,12867332.0,1914490,1135232,779258,801245,1113245,15,2356.2226698406885
Tekirdağ,781508.0,51705,18798,32907,31803,19902,15,126.25331179321486
Edirne,394762.0,29164,8479,20685,19999,9165,15,64.24117168429618
Kırklareli,332745.0,19878,6564,13314,12744,7134,15,51.51648862052949
Balıkesir,1138553.0,81502,32052,49450,50730,30772,15,78.07399026263458
Çanakkale,476742.0,29828,8871,20957,20245,9583,15,48.56290108994601
İzmir,3858315.0,472982,277839,195143,219183,253799,15,324.4735514254478
Aydın,975750.0,85946,33929,52017,51038,34908,15,120.2254805322819
Denizli,924987.0,82808,37273,45535,42839,39969,15,76.23100379100049
Muğla,796322.0,78158,27052,51106,52454,25704,15,62.93045677256204
Manisa,1331344.0,94359,38973,55386,52803,41556,15,99.8083814378889
Afyonkarahisar,700054.0,37909,10641,27268,26067,11842,15,49.94677511415525
Kütahya,571342.0,27798,7652,20146,20511,7287,15,49.10967852845109
Uşak,335519.0,25238,8322,16916,17002,8236,15,60.3994599459946
Bursa,2535923.0,182866,71656,111210,106739,76127,15,234.52538610931288
Eskişehir,753859.0,65824,32269,33555,34078,31746,15,54.00136103151863
Bilecik,201773.0,13203,3887,9316,8782,4421,15,48.28260349365877
Kocaeli,1518640.0,105712,47201,58511,52448,53264,15,447.0532823079188
Sakarya,860367.0,44420,14730,29690,29102,15318,15,178.351368159204
Düzce,334921.0,22894,6847,16047,15122,7772,15,134.39847512038523
Bolu,271363.0,18160,4935,13225,13338,4822,15,32.64320943101167
Yalova,202001.0,12511,3341,9170,8299,4212,15,253.1340852130326
Ankara,4637155.0,433137,200693,232444,212684,220453,15,180.91272627965043
Konya,1989934.0,109258,28524,80734,79846,29412,15,48.72750869288408
Karaman,231539.0,12657,3996,8661,8791,3866,15,26.68114772989168
Antalya,1902640.0,259275,122436,136839,143775,115500,15,94.29746741339149
Isparta,420242.0,22617,5326,17291,15918,6699,15,46.975408003577016
Burdur,251358.0,18084,5558,12526,12343,5741,15,35.03247386759582
Adana,2059810.0,167184,79072,88112,86216,80968,15,148.78720023114707
Mersin,1638098.0,129612,50957,78655,73101,56511,15,102.31717676452217
Hatay,1445651.0,65434,23442,41992,37061,28373,15,261.7036567704562
Kahramanmaraş,1036588.0,51227,16375,34852,33860,17367,15,71.39035812672176
Osmaniye,471722.0,26268,9764,16504,16892,9376,15,142.08493975903613
Kırıkkale,280641.0,18409,5227,13182,13360,5049,15,58.57670632435817
Aksaray,374057.0,17007,6279,10728,11739,5268,15,48.83888236062149
Niğde,339803.0,16483,4266,12217,12082,4401,15,46.97304395908211
Nevşehir,283220.0,16758,4758,12000,11758,5000,15,51.635369188696444
Kırşehir,222697.0,12364,3499,8865,8976,3388,15,33.82396719319563
Kayseri,1204236.0,77592,25440,52152,47412,30180,15,70.96263995285798
Sivas,632542.0,39193,11706,27487,26670,12523,15,22.45923874449652
Yozgat,484290.0,18948,4143,14805,14440,4508,15,35.3754565376187
Zonguldak,619220.0,31093,7470,23623,23404,7689,15,185.28426092160382
Karabük,218500.0,12506,2502,10004,9526,2980,15,52.75229357798165
Bartın,188196.0,10354,2344,8010,7976,2378,15,80.77081545064378
Kastamonu,359705.0,20532,5903,14629,15235,5297,15,27.534063074096753
Çankırı,184900.0,9523,2430,7093,6624,2899,15,24.516043489790505
Sinop,201043.0,10718,2716,8002,8679,2039,15,35.165821234913416
Samsun,1249026.0,82936,28928,54008,52900,30036,15,128.4345501285347
Tokat,623351.0,28781,7151,21630,21716,7065,15,62.07438757219678
Çorum,539970.0,28776,9000,19776,19460,9316,15,43.44785967170905
Amasya,324003.0,15354,3873,11481,10959,4395,15,57.56982942430704
Trabzon,764099.0,39143,13233,25910,26007,13136,15,165.10350043215212
Ordu,722958.0,35426,8632,26794,25740,9686,15,122.24518092661481
Giresun,421256.0,23518,7030,16488,15983,7535,15,60.421113023522665
Rize,319380.0,18282,4652,13630,13077,5205,15,83.28031290743155
Artvin,165456.0,8338,2296,6042,5855,2483,15,22.380089273637225
Gümüşhane,130362.0,6026,1272,4754,5000,1026,15,19.550389922015597
Erzurum,773619.0,44805,16872,27933,28594,16211,15,30.937335039590497
Erzincan,213193.0,12865,3045,9820,8535,4330,15,18.0442657638595
Bayburt,74701.0,3092,664,2428,2463,629,15,19.94153764014949
Ağrı,537464.0,21047,6751,14296,14531,6516,15,48.42454275159924
Kars,306491.0,13640,2257,11383,10947,2693,15,30.06877268713823
Iğdır,183231.0,9809,1798,8011,7938,1871,15,50.00846069868996
Ardahan,108152.0,6451,1251,5200,5194,1257,15,21.919740575597892
Malatya,736474.0,39208,12020,27188,27125,12083,15,60.07618892242434
Elazığ,550468.0,29413,7485,21928,20653,8760,15,58.66652456570393
Bingöl,255662.0,8645,1908,6737,6659,1986,15,31.945770336123953
Tunceli,83033.0,5339,1198,4141,3857,1482,15,10.951332102347665
Van,1022083.0,42527,16812,25715,26901,15626,15,48.85440466516897
Muş,404249.0,13558,2897,10661,10595,2963,15,46.36946547373251
Bitlis,328460.0,12181,2791,9390,9166,3015,15,39.60212201591512
Hakkari,256719.0,8705,2502,6203,6089,2616,15,36.1830866807611
Gaziantep,1652614.0,117121,51687,65434,65607,51514,15,242.92429810377774
Adıyaman,588315.0,21002,5243,15759,16175,4827,15,80.18468038707918
Kilis,122061.0,5959,1608,4351,3835,2124,15,86.44546742209631
Şanlıurfa,1612515.0,63734,15434,48300,45599,18135,15,83.80183972560025
Diyarbakır,1514793.0,89211,47222,41989,38964,50247,15,100.31077412091915
Mardin,736455.0,24841,7067,17774,15843,8998,15,83.87870159453303
Batman,497841.0,22390,8826,13564,13984,8406,15,111.19968729059639
Şırnak,430006.0,13615,3692,9923,9707,3908,15,60.75247244984459
Siirt,303599.0,11344,3482,7862,7664,3680,15,53.104600314850444
